0 1
1 1


4 1
5 2

7 1








16 4











28 1

30 1


33 1


36 1



40 1
41 1
42 1
43 1

45 3

47 1
48 1

50 1

52 2

54 1
55 1

57 1
58 1
59 3
60 1


63 1


66 1
67 1
68 2



72 2



76 1


79 3
80 1
81 1


84 1

86 1


89 1
90 1

92 1

94 1
95 1



99 1



103 1



107 2
108 1

110 1

112 2


115 1
116 1





122 3
123 2

125 1
126 1

128 1




133 1
134 1

136 1


139 2




144 1

146 1
147 1

149 1

151 1
152 2

154 2



158 1
159 1

161 1
162 1
163 2



167 1
168 1


171 1
172 1


175 1
176 1
177 1








186 1
187 1



191 1

193 1


196 1
197 2
198 1
199 1
200 1
201 1

203 2


206 1
207 1
208 1

210 2
211 1


214 1


217 1

219 2
220 1

222 1





228 1
229 1







237 2
238 1
239 3


242 1
243 1
244 1
245 1
246 1
247 1
248 1
249 1
250 1
251 2
252 1


255 1
256 1

258 2
259 2



263 2
264 1

266 2


269 2
270 1

272 1

274 1
275 3




280 1

282 2
283 1

285 1
286 3
287 1
288 1

290 1
291 1
292 1
293 1
294 1


297 1








306 1


309 1
310 2
311 2
312 1





318 2




323 3
324 1
325 1

327 3

329 2

331 2



335 1
336 1
337 1

339 3



343 1
344 1


347 2

349 1


352 2
353 1

355 2
356 3
357 2

359 1


362 2


365 3
366 1


369 1

371 2
372 1

374 1
375 1
376 1
377 1
378 1
379 2


382 2
383 1
384 2


387 4

389 1

391 1
392 1



396 1


399 1

401 1
402 1
403 2


406 1

408 2



412 1

414 2
415 1
416 1


419 1



423 1
424 1





430 1



434 1



438 1

440 3


443 2




448 2

450 1





456 3

458 1


461 3




466 1








475 1

477 1
478 1
479 2


482 1
483 1


486 1



490 2
491 1


494 1

496 1
497 1

499 1



503 1


506 1
507 1


510 1
511 2
512 3
513 1
514 1


517 1
518 2
519 1

521 1

523 2

525 1
526 1


529 1


532 2

534 2
535 1

537 1


540 1

542 1






549 1
550 1

552 1
553 1
554 3
555 3



559 2

561 2
562 2


565 1
566 1
567 1
568 1





574 1
575 2


578 2


581 1
582 2
583 1
584 3

586 1
587 1


590 2






597 1


600 1







608 1

610 1


613 2


616 1


619 2


622 1

624 1
625 1


628 1
629 1
630 1
631 1
632 1


635 1



639 2


642 1
643 2

645 1
646 1
647 3


650 1


653 1
654 2


657 1

659 1
660 1

662 1



666 1

668 1

670 1


673 1
674 2

676 1

678 1
679 2
680 1



684 1


687 1




692 1


695 1

697 1
698 1
699 1
700 1
701 3
702 1
703 1
704 1

706 2





712 1

714 1




719 1


722 1
723 1
724 1

726 1

728 1

730 1

732 1
733 1

735 1
736 1
737 1
738 1



742 1

744 2

746 1
747 3

749 1




754 2
755 1
756 2




761 2


764 1
765 2






772 2

774 1
775 2
776 1
777 1




782 1
783 2


786 1

788 1
789 3




794 2
795 1


798 1
799 1
800 2

802 1
803 1

805 1

807 1
808 1

810 1

812 1
813 1




818 2


821 1
822 1
823 1

825 3
826 1
827 1
828 2



832 1
833 1



837 1
838 2


841 2
842 1
843 1




848 1
849 2



853 1

855 2



859 1


862 1


865 2

867 3
868 1

870 1


873 1
874 1



878 1
879 1
880 1

882 1
883 1
884 3
885 1

887 1

889 2
890 2
891 2
892 2








901 1

903 2

905 1



909 2



913 1
914 1
915 1


918 3
919 2
920 1




925 2

927 1
928 1
929 1

931 1
932 1

934 2

936 5

938 1
939 1


942 2

944 1




949 2
950 1
951 1



955 1
956 1
957 1

959 1
960 1









970 2



974 2
975 2




980 2

982 1



986 1
987 2







995 1
996 1


999 1

1001 2

1003 1
1004 2





1010 2




1015 2



1019 2


1022 1
1023 1

1025 1
1026 1




1031 4
1032 1


1035 1


1038 1

1040 1
1041 1

1043 1





1049 1
1050 1
1051 1
1052 2



1056 1

1058 3
1059 2
1060 1










1071 2



1075 1
1076 1





1082 1
1083 2

1085 2



1089 2

1091 2
1092 1



1096 1
1097 2


1100 1







1108 1

1110 1
1111 1

1113 1
1114 2

1116 2


1119 2


1122 2
1123 1



1127 3
1128 3



1132 1


1135 1
1136 1



1140 3
1141 1


1144 1


1147 1
1148 2





1154 1
1155 2



1159 1

1161 2








1170 2


1173 1



1177 1



1181 2


1184 1





1190 1
1191 1



1195 3


1198 1
1199 2




1204 1



1208 1



1212 3



1216 1

1218 1
1219 1

1221 1
1222 1



1226 2
1227 1


1230 2

1232 2





1238 1


1241 2



1245 2

1247 2





1253 1


1256 1
1257 1
1258 1
1259 2

1261 2


1264 1
1265 1




1270 2
1271 1




1276 3
1277 1
1278 1


1281 1

1283 2
1284 1

1286 1

1288 1

1290 1
1291 3


1294 1

1296 1
1297 1
1298 1
1299 1






1306 2

1308 2

1310 2

1312 1

1314 1
1315 1
1316 1
1317 1
1318 1
1319 1
1320 1





1326 1

1328 1
1329 1


1332 2
1333 1
1334 1
1335 1
1336 1


1339 2

1341 1

1343 1
1344 1
1345 1
1346 1

1348 1

1350 1
1351 1
1352 1
1353 1
1354 1







1362 1
1363 1

1365 1





1371 1
1372 1



1376 1

1378 1



1382 2
1383 2

1385 3
1386 1



1390 1
1391 1
1392 1

1394 1




1399 2


1402 1

1404 2
1405 1
1406 2

1408 1



1412 1
1413 3

1415 1
1416 1
1417 1
1418 1





1424 2

1426 1
1427 1



1431 1



1435 3
1436 2

1438 1
1439 1


1442 1

1444 1
1445 1
1446 2
1447 1
1448 1


1451 1


1454 1
1455 2
1456 1
1457 2

1459 1
1460 3

1462 1

1464 1

1466 1
1467 2
1468 1


1471 2



1475 2
1476 2


1479 1
1480 1
1481 1

1483 1
1484 1
1485 1

1487 1




1492 1

1494 2


1497 1
1498 1


1501 1

1503 2


1506 1
1507 1

1509 1
1510 3

1512 1
1513 1
1514 1
1515 1


1518 1
1519 1
1520 1


1523 2

1525 1





1531 1
1532 2
1533 1
1534 4
1535 1
1536 1


1539 1


1542 1
1543 1

1545 1
1546 1





1552 2






1559 2



1563 4
1564 2
1565 2


1568 1
1569 1





1575 2

1577 1


1580 1
1581 1

1583 2
1584 1

1586 1
1587 1



1591 1





1597 4
1598 3
1599 1

1601 1

1603 2
1604 1

1606 1




1611 3


1614 1
1615 1
1616 1

1618 2
1619 1

1621 1
1622 1
1623 1

1625 1
1626 2


1629 1


1632 1




1637 2

1639 2
1640 2
1641 1




1646 1

1648 1

1650 3

1652 3






1659 1
1660 1
1661 1
1662 1

1664 1




1669 1

1671 1
1672 1
1673 1

1675 3
1676 4
1677 3
1678 1



1682 1
1683 1

1685 1

1687 1
1688 1
1689 2




1694 1
1695 1


1698 1
1699 1


1702 1
1703 1


1706 1
1707 2
1708 1




1713 1


1716 1

1718 1


1721 1
1722 1

1724 2
1725 1
1726 1







1734 1




1739 1


1742 1
1743 1

1745 1


1748 1

1750 2
1751 1
1752 1

1754 1
1755 1

1757 1

1759 2
1760 1
1761 1
1762 2




1767 2



1771 1
1772 1


1775 1


1778 1
1779 1
1780 1
1781 3



1785 1
1786 3
1787 1
1788 1

1790 1
1791 1

1793 1



1797 3
1798 1


1801 1

1803 1




1808 1

1810 1


1813 2
1814 1
1815 1
1816 1
1817 1


1820 2

1822 2



1826 2
1827 1


1830 2
1831 1
1832 1

1834 1


1837 1





1843 1


1846 1
1847 1
1848 1
1849 1


1852 1




1857 1

1859 1
1860 1
1861 1
1862 2
1863 1



1867 1



1871 1


1874 1

1876 1


1879 2


1882 1
1883 2


1886 1
1887 1
1888 1





1894 1
1895 1
1896 1
1897 2
1898 1
1899 1

1901 1


1904 1

1906 2
1907 3

1909 1

1911 2



1915 1
1916 1


1919 1
1920 3




1925 1
1926 1
1927 1
1928 2






1935 2

1937 1





1943 2
1944 2





1950 1
1951 2
1952 2
1953 2

1955 1



1959 1

1961 2
1962 1





1968 1


1971 1


1974 2
1975 1

1977 1
1978 1









1988 1
1989 1
1990 1


1993 1
1994 4
1995 1
1996 1

1998 2

